Nome                Idade Sexo      Nif       Prazo   N. Modal.
123                 2     0         204       0       0        
12                  21474836470         0         0       0        
123                 2     0         204       0       0        
12                  21474836470         0         0       0        
234                 4     0         204       0       0        
123                 2     0         204       0       0        
12                  21474836470         0         0       0        
123                 2     0         204       0       0        
12                  21474836470         0         0       0        
234                 4     0         204       0       0        
